758
509618737 460201239 229176339
749637804 341825783 626796445
479138671 857894620 317640331
637580144 998104183 111680626
266164899 535498701 853818301
839704015 887153154 280387684
369755812 90108128 557805967
749663976 914901371 435722412
243219742 210651272 751393119
309141944 57841107 800472445
914751566 537335946 488016696
154696840 497265089 213360966
674527906 126287863 969679429
529274496 903934008 136354579
701815324 136862318 150988392
929074747 608997795 558968308
554911270 383731366 183153758
18887329 383640322 463399349
200623043 759954761 545299868
793453926 506418062 131174511
875403325 169996727 800053513
517167886 722828577 460768237
623663929 111468059 38233613
640457336 165176110 760865292
310708255 840481315 186174119
421451388 47848652 778039054
284734020 314144994 601653476
192424812 754230674 674109741
617318688 895864237 153695625
24617348 954073797 737310327
668061097 881073979 619869800
838504918 653871171 733937282
336301066 184647439 414033740
690220155 305410818 497529737
520734695 914453934 218555257
422288466 708179074 543159006
277225230 779171655 712106109
767260814 508719907 192273068
529521034 682978513 415766053
125943772 899849197 826964340
307072612 599046582 157394262
300923285 972396238 284102130
140995492 472203336 186610145
452236837 85150323 863201213
364005314 594513864 8734177
104123740 671690116 839776739
455554485 195030223 187685164
610536618 747392117 174902142
25204218 900800283 372354073
427596733 308983885 970892658
318171229 210357294 284798242
587069399 383147544 706364235
340135475 219811411 942057696
934453126 281292974 235975739
356548862 824988393 694021332
848904896 403255500 914206042
183538892 425397294 11288397
575989314 670389287 704818974
639279177 696535994 851654464
982492119 275719067 71595956
911748057 713398758 163219451
215717487 134065608 874793028
578402972 776935915 211366321
302369941 763988264 451878706
897719043 521101358 913737248
951709425 253987756 922403723
480880810 176299322 497544783
458148030 244057842 883586590
959604261 742181915 539968006
579979267 947790222 686611549
854709771 357643356 944092344
870461741 22705070 567894215
72756288 140831375 690922786
819228303 270501925 626319585
702839722 881168950 661409030
559409691 678270270 149287930
791081726 687569752 442548238
929250740 501611310 99419746
574051172 453600027 469340917
279632861 256113225 391883693
334825023 998423704 829145692
524754771 447660170 406344909
507786362 27257303 498396289
345843033 878953137 113156382
231480938 661652506 905797396
871225197 755308307 362888891
222177561 400194571 63911645
390680077 788897540 260220471
244063312 925459030 856032046
844672598 296410569 569105042
98553298 793123426 884718149
299039094 484403281 272078220
797173893 178084951 433508781
255064122 51623330 651012968
650891640 445238693 808616614
329391857 697769803 839958803
193622349 702825974 698291720
106452027 57455300 855918654
327972048 944144946 209526164
568925221 280691460 522201140
550312862 663113763 730846733
929291246 247289735 85829712
228438232 932441844 177249226
633719177 74051305 577223357
929380109 967113439 348571242
412898677 739788436 343658848
451603857 914671454 227689227
16073243 651050250 593584594
870813322 992101271 735668127
28799496 971067045 540258335
62552056 228248672 897393491
911307641 704751259 388509566
920166234 721600393 197948958
722786903 100953626 765327958
662709578 559903172 628774670
121068364 177071918 90341861
507347413 915073371 204356510
865867316 117321365 366020006
294511913 534239620 12063513
137262140 58477925 255188464
350161584 199638736 961374798
636990891 571167121 845802633
679829865 18072469 262362180
960061675 492732442 18188043
145709890 728816954 813717829
462361269 353363664 91147079
964809924 749744959 815029353
645326266 521452082 55993675
335901825 196684740 110927308
531373486 616795729 170511639
376446054 782904095 663122469
942760494 372625319 901314889
803953159 25718688 988736050
782972036 441238498 158999450
827979681 547285738 422340929
186168468 720157426 388504410
552302176 832150643 180875956
920916433 172452216 308732966
440159110 704835318 678186654
905381124 301089066 374482381
734875325 148456380 401276740
91850542 583615622 709828347
355065574 202949396 356191636
912402939 658408109 327644977
102411028 181837888 308506462
656029904 817346585 974166344
633652746 149733358 476527313
722422897 979071309 784645085
989635682 455529620 610451880
354389503 502601384 667790000
223128236 898572035 724629622
614253669 48096712 292782118
757722709 736129140 963670115
712512581 831102893 517208030
32312775 639899237 173742535
853230979 818505406 990614327
226505 784129205 887488733
704020309 271728378 151355708
897955067 12452428 169385071
616631654 102214859 128086003
99376468 676071 700348012
688401635 689274704 759836074
603015355 488157359 133741177
15724344 898307194 81217445
10496229 921140164 318630464
959319283 690110123 339172073
610902551 136404703 637024214
619837552 354162999 718472178
780301266 519107926 626843658
573273914 716298601 35644284
123397048 141091056 633914281
835584113 613136114 830426823
816860018 343911139 950624533
413906460 250215625 330348047
856873151 984502160 885822010
806271288 693524081 350588213
832725244 938635784 322342304
830212998 5729104 965810155
491061788 479538915 646513071
981875833 908100368 170166778
132992417 29741441 771858757
98096893 892327296 757216139
447303164 174912115 308004051
488203641 142459265 346198985
388547540 196996091 886189078
306676167 762964401 369660839
832650167 974029978 825583845
276255445 740548669 777662817
713301979 293184049 135361952
668104126 344522326 133597199
183913752 834984184 435810770
780457755 280914044 220474184
558489290 758776258 92174864
128605871 358968125 518611966
42584163 344521603 796176519
976143319 441665459 808733013
79621078 184385622 716574514
276852233 149225666 934070390
344582933 856736972 289192771
994195940 384794914 599143247
621854188 779199037 830389789
174406853 304289889 307475081
910388215 608089784 916082046
665714894 748186877 4188143
277485975 704044297 615061853
306971879 233671282 396027067
981486297 737158660 851518590
326628939 588483048 160136704
417022684 907061519 685758519
501740379 435874822 424177072
931281412 564293349 373981345
493031617 506751683 579769087
688222177 868177310 40231715
488701439 65755104 833575674
892650966 413906184 436198745
712386372 999366257 445181369
319008537 37611055 623065690
893165704 12709644 647636253
747624657 295225249 190715989
670253085 757384168 397228369
621716561 408647836 172214963
491904974 734433481 183893528
630206797 784454358 197292614
35292767 618749701 365493971
355795352 492784858 671403556
17942917 433977973 174576865
723937959 704636311 907695261
240577150 182731842 398263767
801111382 38115709 551583706
726345092 745406959 211526435
389053098 17969092 110793143
643003345 866984877 657107267
661360711 400745992 679472703
252305217 82179576 214911900
247888756 283715771 418861354
257571719 537370353 519924785
976232696 729681741 861247276
16139125 946315126 52747857
489533108 381139412 225915995
773951195 690793592 696317773
632309821 903861705 39047399
985766178 646239668 600780609
254700829 712792006 625799980
14296290 356582205 33231981
495104162 471632742 622456736
692783362 992688394 899016070
979402413 543539663 500745355
31658921 750112395 15725219
350279158 372913974 71653966
58045286 153470238 485845466
431191273 887409516 709952400
983154930 619995396 178317870
175864501 262122577 637476103
818080744 2870891 824578346
894124805 961936407 373099536
828015296 521034963 474682384
430291121 796749745 388451018
326899924 794548782 147253930
195572418 600650900 153749310
23322180 635487021 273325695
529126643 196655544 559321769
139954515 583105016 469172688
323279580 511949232 851637346
444138866 516918861 730565817
261539968 161321670 540668772
676167009 137534116 788175987
642625682 522263862 851879010
596971582 627754165 356720493
97394449 104291349 92860735
562698470 787582513 19344496
24568561 152542321 626635556
364150409 288954101 806215346
265256578 754170290 378831392
903926848 504735716 9085732
623045038 986152254 279830885
657885200 65359957 633227112
606585157 519405408 463116784
365573323 380696498 113223159
421446684 932155061 568901379
202601277 42560067 478813668
376311954 760581110 724366719
832292850 419570306 364376540
103930262 897389558 872367568
734453425 410910432 383363826
409344596 738698834 17528147
842793279 973926544 641601910
76889609 439509248 38931393
459633622 956113312 268177105
556227711 658995237 771845823
513412397 942703725 356799039
237313968 62655301 711610224
900017723 527614894 744154606
284719013 790752187 566581948
915454344 553954939 167970398
760859544 872131731 108494977
79752959 956228726 641997663
95695013 578653404 958228517
927299468 125711669 603050818
439882275 916678332 804467797
456189614 276065139 760575068
592530716 590517864 954685833
515568529 497139458 348255131
671753601 509326872 211083941
273373540 558074267 183174357
75019962 161435264 885554309
870960994 698774078 83981581
159682129 476474752 702766511
129848161 417717384 364050322
398570522 310014499 936943632
108559407 460135449 610936561
939686808 828529398 514687048
806006880 322923628 963437074
213284565 245291015 374992274
760239845 407999358 446901854
430913722 822321472 20579137
775054160 852279507 964276404
717496508 568921281 217904255
720486216 296507486 799590387
57808558 462682556 172800480
590635512 116998008 187124959
411311499 563194195 49191424
600147380 333686732 729544869
668487309 269013082 838511636
922117235 657676429 453483064
708989307 399442284 68475395
255864657 698934438 595395912
343471185 623516361 457734992
972667227 391062898 891214167
393032306 219200593 532021913
715096661 748198322 860241071
790636594 622649053 128293007
187867315 348928347 844805163
397710431 830766342 488634741
291034268 106566852 583266425
125764769 795379273 911244852
764421191 11496909 897065201
731114992 801943901 763748118
577404568 247164327 493481646
729389967 438644271 172131297
157977257 207115074 114486139
197522956 953390647 520814759
978270564 131480641 35027377
325190057 521121992 50513938
223670232 858154226 868168095
106761171 52436918 516949510
874468566 846902459 595683624
979969315 628611115 207703684
634956711 983981668 946254421
96492954 213232026 375484726
634811361 458477348 910284075
672673866 239733174 623651269
374148602 93511312 153176204
62451666 147494205 663898633
876217475 439231135 490374917
846551264 507444761 943789674
895580022 470643398 194727410
976532136 854921400 591741811
576447672 178007942 578503959
906782455 562566245 969408978
574560338 881777610 918248614
659542650 690378696 62644644
140229862 550996365 618421052
244516827 732612568 958925606
363773306 812016901 699408255
931784991 103751840 189379980
717328766 788405446 476536908
2464747 200912931 742588628
180757317 658279224 603555948
318542265 96226194 61725233
45147310 467366147 530945067
183767226 487891328 265716594
745650018 216674826 748852438
427730273 706321403 956448396
325368623 651063196 738030829
235801803 612758830 42904499
892333556 644662681 74256102
389123979 189453689 774160798
492872071 572095591 680864679
175659987 478785333 32099472
459088695 821687596 454770171
556695819 199369518 265246421
427980540 180006081 324125573
433691661 186134974 887077014
440527541 289598494 82084044
520088512 677096123 549849735
4557800 944955513 45520395
560651449 426208708 451563513
987469131 656023330 277912459
756784268 690895154 915795736
584851914 569990032 737889492
716752967 968641577 884633806
501678225 768672804 451693679
472784408 807821263 432752749
718778926 458641895 458527707
187179088 948596437 899855195
692076754 972783559 894999467
131014944 171102188 533829820
986579076 898437246 395478889
3206658 569226688 543346187
987333962 671196271 489110926
408329837 848839746 616144942
149187523 723774574 320956916
197450237 18410287 908423319
98156057 531773391 137134251
612767645 841872523 967566812
993035805 800290044 707426892
378057264 64707514 718111595
20796269 453836970 398887845
204059672 730173890 70204332
489154918 498471568 199446116
908347491 485450445 136624993
943641822 310449089 609802148
842382765 37991565 224821864
578898279 494626518 954373272
986576147 32858888 639328796
396695569 373811432 56564723
427912076 10170852 768936644
835919294 609276699 606488757
770999331 387533568 395002777
217257098 945127850 993600683
250752584 708295319 519938719
708977204 189808566 46322946
509258 669125823 531423434
357764664 150653041 762298479
482605029 799158984 570080996
763738323 34220121 420978083
759559048 807364103 356362459
13639609 61242843 488300716
430509472 72428198 876173746
530136235 172642492 922915521
214799372 625125668 92863715
231221180 328145695 786331198
434434554 277598944 843050322
593005851 396186312 704685609
525141288 70147412 859517811
6638166 353314266 810117715
36407761 7261009 353313447
974024693 457698049 137763748
637238225 237112976 647052477
31638003 278467733 117380368
170149200 470373023 496483331
608507913 142965293 525527373
669434765 251383849 471013289
783749797 329303769 756621177
577927761 166553198 411177791
651676850 488498321 991095430
628782904 423871307 719113931
66056032 493728474 165381484
569602074 240774679 167427619
955099966 593982955 91032720
139278722 402796551 999131211
725669954 422856652 925813288
208202278 916633375 927182119
333990439 337203401 101930418
339104426 252657963 677957239
596692270 396096933 291144852
726585956 985561374 748614655
655957046 402855099 854596426
398266437 104093168 976644548
331101847 38905840 902190613
358099754 714334798 657400893
379980570 644471076 926507218
757489966 852257807 743696546
485364503 443474572 571864946
63913312 294792466 86667906
617183514 726951605 241070512
487424245 972909803 844677746
876282766 228514011 608421581
342418065 483321675 999941452
144534785 327403517 318763484
949168740 877100430 877727535
24991506 975890684 622868602
444529524 959123856 608186887
751450020 839202303 543839125
547448306 241221454 542086802
176749709 592043735 108062633
767928520 781082922 377141563
735574036 843677602 65996036
57512868 481816987 485820787
48979313 37562505 161149401
926565765 612955181 524854290
424933063 536195762 566374141
694137410 38921806 318901782
463799304 172653991 767827749
632883624 735974224 133707500
300838621 328834461 987292557
66334779 165668356 891277940
891878820 376606265 546320595
941621921 213594704 33422829
811731500 967478638 494073697
137047816 395550211 921561352
447037486 824884255 226247123
18984836 122515243 705025692
975712660 482612299 553121929
789160851 304129217 608428932
609313813 102690413 107703378
932288535 756674246 152982526
498528230 982644534 871894148
269871461 34686946 236348917
978533695 483311142 322601058
532951313 882405910 71443168
824828084 326751489 777103779
846266397 185846139 911089969
907460377 281853786 206319218
282266865 90622118 683056057
338156011 102717970 72477049
937891662 332308108 110904292
925719450 879442964 210804393
341091171 638519585 412905677
49667204 177166026 790197309
989898206 40451140 639204101
382424634 442761348 600206389
481678762 964332766 977377728
831325152 763047416 916844273
196613409 24828158 474820460
946663307 216261365 892022416
188838092 931715449 931968976
163871868 40642033 151003034
211696766 607231862 2962946
860638775 483736913 688231903
364198102 796599194 8680113
120892661 917562171 241402646
567115117 899842231 647860770
82849668 856477249 138385203
95099321 106566510 569260691
194060018 729106042 854614806
735983932 394427863 422258220
520883261 860829111 245450577
858228332 826026338 999809106
488201068 170727869 835529485
597243443 621039987 480595853
289145825 467127051 966448222
908164161 75720749 107265987
233417815 379548191 316419134
244161647 105988424 75238201
793583774 68772548 934075523
581742342 17636749 878125820
148348139 124654843 89309051
265973684 843314841 935770082
763229536 262664328 91535834
241593540 78914050 729114363
812331284 485606225 235437262
657789350 805953495 639439459
602812469 285895857 653385293
747348820 502566118 14879672
105839086 276721614 754840687
170212376 64644559 757253790
65733584 906458725 153091120
957403665 448895305 496385144
391286803 23172142 623812209
30678140 144934625 813056420
15730154 991824274 300634142
587304771 431830362 620382199
839800939 135794424 262819053
294636064 978929873 731740891
224740527 400999319 622088725
74429379 160134598 566593228
180929395 593017160 198019770
334282043 175859956 172455324
576023243 854927619 36710920
739052117 266502547 782781354
15627251 572134329 140961232
840328873 731618667 510741843
714245529 518534315 844891252
134458489 330411437 928850134
494434738 771097520 927528852
421350229 732663138 47895987
874296418 316857424 863037543
57218981 849748745 551917465
615036651 681448110 815964319
128178819 11281529 576902743
583671279 100748822 869291876
480037698 279008814 406795544
590779660 384411654 669380651
111346883 360183849 641600283
721701976 46470907 262605723
269169635 839847305 404762436
244926472 154673014 122264481
988814933 864755698 949645123
919743811 958408269 722385584
589043767 225292222 50170557
694777523 586066711 507252786
267988509 550787209 229662616
59558258 14397041 492088706
520733308 830570569 348251485
378515335 762949536 956673575
221437260 335517005 803277839
289311742 345867016 841600805
411201883 883252346 856608514
454638263 594856346 235993124
919646753 560293887 320600544
684409960 1735893 159119432
619210095 416569359 774117137
134347497 453713467 495683697
32943108 209611378 825450265
912673729 724193163 324102445
774012995 610299599 101806163
992971547 698306551 622891264
919107744 299732026 879425206
208569752 283575640 702814365
650644271 813350245 955930863
993669492 139911504 454103153
171488163 836323348 828834676
189132054 759305239 346380177
182556439 87089763 881803538
307594142 256368634 136255638
16150540 498528154 159059183
532506070 680625267 984556746
134186961 926675206 861987335
697709279 765302215 702003867
279694225 410640343 132993720
71302772 483703226 640363221
539752834 39273616 69699875
371347112 741185567 887869815
495267768 584880942 850994359
755425986 810415109 611216788
741087726 611513602 43363392
743169569 192419212 785047486
543755182 118138202 132724978
971374116 859482531 213236297
592115818 473778883 71021133
126830810 909437828 348664896
213386458 111253667 603386537
241440317 767841308 217095019
66555764 644803428 757342587
271189368 37238302 95744326
133562387 378760975 116260098
250770548 956621553 153788614
658640476 536524656 218221132
347946233 527547590 365565024
507638243 568378718 179791084
856463577 779231294 267406684
816848682 368436959 675443113
502329463 542039528 699161443
7830251 499647409 843672294
826268373 676613805 547615784
27704900 272565815 80899900
36980653 837811729 480721556
96976200 341345270 517157330
917232519 468190334 372913173
130443765 865440224 583706076
237821514 733802073 199462590
37303935 210092187 865572134
489935904 454340685 668801343
420301213 631232924 836721446
417098655 242940297 456974144
310116319 832372102 859910850
670605347 320241334 254981775
284665124 470657591 730566988
699069528 759487377 437886024
750249353 899616163 900246625
302529941 371885699 676599303
115455367 770008737 765845336
644209705 788964438 466521619
682043650 537768996 818225130
412098557 616679439 206578806
644000109 679877545 98404974
60183187 607116201 635818231
513002322 459838418 545198891
328724302 953156389 263144483
468895601 338234407 450604809
427686110 739686550 554724522
768554717 117771273 259347225
160122144 301643289 472931560
691128808 665906614 43407665
393389232 988561697 782472338
436756645 872566567 853978151
523988183 55069419 79609833
339481050 690066167 292499963
264428395 789527618 912047280
131400413 786731064 816852348
502700853 175314104 450730032
15916810 254357540 798082445
263500608 643543839 498908167
947231580 483877966 378234257
625473413 369054378 941209586
592410566 119613090 471276720
762726553 891967656 80589822
409166331 944907418 283164989
370994977 88205060 49620383
262224560 504126323 328243654
347299944 28721731 514912224
656079212 188427955 490592511
592677632 377472423 734204157
984389892 173256037 229022728
355069984 576756602 571191452
701375575 714007637 321011789
351290376 672017828 669914529
440770561 368673859 894763408
736262526 93534523 230406685
167565044 644921832 166152480
748462063 1276049 139417516
170664514 599931636 455156236
863322033 969394201 180626424
450617076 999732934 742140667
737072562 778336661 718711619
851567094 54096348 368150816
711973536 669619401 374197423
728608593 910934183 832108495
658329124 906529383 660047871
620148815 919816686 94893433
260185826 425112589 732550590
568051678 235927829 171979988
89605212 184405470 976824966
116035216 838053542 744613435
140385366 900673299 672284893
927773862 703697998 590337198
176051789 884695431 39438176
862255869 455591507 975302431
791955056 19853470 90341866
307309021 512335390 693402252
795108364 243173218 49577516
85732992 190431251 574620346
9590077 169020885 542408832
546731631 761961882 869690877
391325850 595938320 831565858
629583988 588223227 10260885
159823602 730555262 202831386
69710673 444097027 35121255
55455258 397929957 969521081
757248159 776096621 216074360
81638123 782296191 672070080
283422714 320926852 594880325
695035920 54652375 710242049
97664548 918183785 534677113
47928367 629320157 122733550
169747298 470930019 859653186
143736573 162371069 431630242
80080981 147485420 781780127
490570867 725397691 799076190
14456261 30277735 792501293
605099264 252341918 392924263
326334473 465093509 979665691
197620797 107903136 275011469
236685534 934548067 533570853
300018835 62159054 812371477
668154272 21782307 814776870
912387705 885707959 926999937
109867895 613511586 613725553
784444117 1557143 634810771
890289953 792851847 595529160
795804134 680579660 24374641
917740755 492565283 665841867
141752850 721593894 164226649
143067858 972126500 363026883
584641718 907051038 227823002
898059389 780062146 85326366
969408650 822416594 703615385
984299320 102068556 144569775
865501355 495231369 638830331
779198710 541890356 463536367
344854920 307330844 315051289
679482308 440881399 253968408
509196213 382278079 569593771
146529610 526401423 300188412
650550221 769319847 913581458
563973054 525226177 706460547
385902551 886384727 221494996
